112300,1,1,0,1,1,1,0,1,1,1,1,1,1,1,0,0,1,1,0,0,1,1,0,0,0,1,1,1,1,1,1,1,0,1,0,1,1,1,1,1,1,0,1,1,1,1,0,1,1,1,1,1,0,1,0,1,1,0,1,1,1,1,0,1,1,0,1,1,1,0,1,1,1,1,1,1,1,1,1,0,0,0,1,1,1,1,1,1,1,1,0,1,1,0,0,1,1,1,1,1,94
112315,1,1,0,1,1,1,0,1,1,1,1,1,1,1,0,0,0,1,0,0,1,1,0,0,0,1,1,1,1,1,1,1,0,1,0,1,1,1,1,1,1,0,1,1,1,1,0,1,1,1,1,1,1,1,0,1,1,0,1,1,0,1,1,1,1,1,1,1,1,0,1,1,1,1,1,1,1,1,1,0,0,0,1,1,1,1,1,1,1,1,0,1,1,0,0,1,1,0,0,1,93
112316,0,1,0,1,1,1,0,1,1,1,1,1,1,0,0,0,0,1,0,0,1,1,0,0,0,1,1,1,1,1,1,1,0,1,0,1,1,1,1,1,1,0,1,1,1,1,0,1,1,1,1,0,1,1,0,1,1,0,1,1,0,1,1,1,1,0,1,1,1,0,0,1,1,1,0,1,1,1,1,0,0,0,1,1,1,1,1,1,1,1,0,1,1,0,0,1,1,0,1,1,88
112318,1,1,0,1,1,1,1,1,1,1,1,1,1,1,0,0,0,1,0,0,1,1,0,0,0,1,1,1,1,1,1,1,0,1,0,1,1,1,1,1,1,0,1,1,1,1,0,1,1,1,1,1,0,1,0,1,1,0,1,1,0,1,0,1,1,0,1,1,1,0,1,1,1,1,1,1,1,1,1,0,0,0,1,1,1,1,1,1,1,1,0,1,1,0,0,1,1,0,0,1,91
112320,1,1,1,1,1,1,0,1,1,1,1,1,1,1,1,0,1,1,0,0,1,1,0,0,0,1,1,1,0,1,1,1,0,1,0,1,1,1,1,1,1,0,1,1,1,1,0,1,1,1,1,1,1,1,0,1,1,0,1,1,0,1,0,0,1,0,1,1,1,0,0,1,1,1,1,1,1,1,1,0,0,0,1,1,1,1,1,1,1,1,0,1,1,1,0,1,1,1,0,1,93
112322,1,1,0,1,1,1,0,1,1,1,1,1,1,1,1,0,0,1,0,0,1,1,0,0,0,1,1,1,1,1,1,1,0,1,0,1,1,1,1,1,1,0,1,1,1,1,0,1,1,1,1,1,1,1,0,1,1,0,1,1,1,1,0,1,1,0,1,1,1,0,1,1,0,1,1,1,1,1,1,0,0,0,1,1,1,1,1,1,1,1,0,1,1,1,1,1,1,1,1,1,96
112400,1,1,1,1,1,1,0,1,1,1,1,1,1,1,1,0,1,1,0,0,1,1,0,0,0,1,1,1,1,1,1,1,0,1,0,1,1,1,1,1,1,0,1,1,0,1,0,1,1,1,1,1,1,1,0,1,1,0,1,1,1,1,1,1,1,0,1,1,1,0,0,1,1,1,1,1,1,1,1,0,0,0,1,1,1,1,1,1,1,1,0,1,1,0,0,1,1,1,0,1,95
112402,1,1,0,1,1,1,0,1,1,1,1,1,1,1,1,0,1,1,0,0,1,1,0,0,0,1,1,1,1,1,1,1,0,1,0,1,1,1,1,1,1,0,1,1,1,1,0,1,1,1,1,1,1,1,0,1,1,0,1,1,1,1,0,1,1,0,1,1,1,1,1,1,1,1,1,1,1,1,1,0,0,0,1,1,1,1,1,1,0,0,0,1,1,1,0,0,1,1,0,1,94
112410,0,1,0,1,1,1,0,1,1,1,1,1,1,1,0,0,0,1,0,0,1,1,0,0,0,1,1,1,1,1,1,1,0,1,0,1,1,1,1,1,1,0,1,1,1,1,0,1,1,1,1,1,1,1,0,1,1,0,1,1,1,1,1,1,1,0,1,1,1,0,0,1,1,1,1,1,1,0,1,0,0,0,1,1,1,1,1,1,1,1,0,1,1,0,0,1,1,0,1,1,91
112412,1,1,0,1,1,1,0,1,1,1,1,1,1,1,0,0,0,1,0,0,1,1,0,0,0,1,1,1,1,1,1,1,0,1,0,1,1,1,1,1,1,0,1,1,1,1,0,1,1,1,1,1,1,1,0,1,1,0,1,1,1,1,1,1,1,0,1,1,1,0,0,1,1,1,1,1,1,1,1,0,0,0,1,1,1,1,1,1,1,1,0,1,1,1,0,0,1,1,0,1,93
112414,1,1,1,1,1,1,0,1,1,1,1,1,1,1,1,0,0,1,0,0,1,1,0,0,0,1,1,1,1,1,1,1,0,1,0,1,1,1,1,1,1,0,1,1,1,1,0,1,1,1,1,1,1,1,0,1,1,0,1,1,0,1,1,1,1,0,1,1,1,0,0,1,1,1,1,1,1,1,1,0,0,0,1,1,1,1,1,1,1,1,0,1,1,0,1,1,1,1,1,1,96
112416,0,1,0,1,1,1,0,1,1,1,1,1,1,1,0,0,0,1,0,0,1,1,0,0,0,1,1,1,1,1,1,1,0,1,0,1,1,1,1,1,1,0,1,1,1,1,0,1,1,1,1,1,1,1,0,1,1,0,1,1,0,1,0,1,0,0,1,1,1,0,1,1,1,1,1,1,1,1,1,0,0,0,1,1,1,1,1,1,1,1,0,1,1,0,0,1,1,1,1,1,91
112418,1,1,0,1,1,1,0,1,1,1,1,1,1,1,1,0,0,1,0,0,1,1,0,0,0,1,1,1,1,1,1,1,0,1,0,1,0,1,1,1,1,0,1,1,1,1,0,1,1,1,1,1,1,1,0,1,1,0,1,1,1,1,0,1,1,1,1,1,1,0,1,1,1,1,1,1,1,1,1,0,0,0,1,1,1,1,1,1,1,1,0,1,1,0,0,1,1,0,0,1,93
112420,1,1,0,1,1,1,0,1,1,1,1,1,1,1,0,0,1,1,0,0,1,1,0,0,0,1,1,1,1,1,1,1,0,1,0,1,1,1,1,1,1,0,1,1,1,1,0,0,1,1,1,1,0,1,0,1,1,0,1,1,0,1,1,1,1,1,1,1,1,0,1,1,1,1,1,1,1,1,1,0,0,0,1,1,1,1,1,1,1,0,0,1,1,1,0,1,1,0,1,1,93
112422,0,1,0,1,1,1,0,1,1,1,1,1,1,1,1,0,1,1,0,0,1,1,0,0,0,1,1,1,1,1,1,1,0,1,0,1,0,1,1,1,1,0,1,1,1,1,0,0,1,1,1,1,1,0,0,1,1,0,1,1,0,1,1,1,1,0,1,1,1,0,1,1,1,1,1,1,1,1,1,0,0,0,1,1,1,1,1,1,1,1,0,1,1,0,0,1,1,0,0,1,90
112500,0,1,1,1,1,1,0,1,1,1,1,1,1,1,1,0,1,1,0,0,1,1,0,0,0,1,1,1,1,1,1,1,0,1,0,1,0,1,1,1,1,0,1,1,1,1,0,1,1,1,1,1,1,1,0,1,1,0,1,1,1,1,0,0,1,0,1,1,1,0,1,1,1,1,1,1,1,1,1,0,0,0,1,1,1,1,1,1,1,1,0,1,1,0,0,1,0,1,0,1,92
112510,1,1,0,1,1,1,0,1,1,1,1,1,1,1,0,0,0,1,0,0,1,1,0,0,0,1,1,1,1,1,1,1,0,1,0,1,0,1,1,1,1,0,1,1,1,1,0,1,1,1,1,1,1,1,0,1,1,0,1,1,1,1,0,0,1,0,1,1,1,0,1,1,1,1,1,1,1,1,1,0,0,0,1,1,1,1,1,1,1,1,0,1,1,1,0,1,1,1,1,1,93
112512,1,1,1,1,1,1,0,1,1,1,1,1,1,1,1,0,0,1,0,0,1,1,0,0,0,1,1,1,1,1,1,1,0,1,0,1,0,1,1,1,1,0,1,1,1,1,0,1,1,1,1,1,0,0,0,1,1,0,1,1,0,1,0,1,1,0,1,1,1,0,0,1,1,1,1,1,1,1,1,0,0,0,1,1,1,1,1,1,1,1,0,1,1,0,0,1,1,0,0,1,89
112514,1,1,0,1,1,1,0,1,1,1,1,1,1,1,0,0,0,1,0,0,1,1,0,0,0,1,1,1,1,1,1,1,0,1,0,1,1,1,1,1,1,0,1,1,1,1,0,1,1,1,1,0,1,1,0,1,1,0,1,1,1,1,0,1,1,0,1,1,1,0,0,1,1,1,1,1,1,1,1,0,0,0,1,1,1,1,1,1,1,0,0,1,0,0,0,1,1,0,0,1,88
112516,0,1,0,1,1,1,0,1,1,1,1,1,1,1,1,0,0,1,0,0,1,1,0,0,0,1,1,1,1,1,1,0,0,1,0,1,1,1,1,1,1,0,1,1,1,1,0,1,1,1,1,1,1,0,0,1,1,0,1,1,0,1,0,0,1,1,1,1,1,0,0,1,1,1,1,1,1,1,1,0,0,0,1,1,1,1,1,1,1,0,0,1,1,0,1,1,1,0,1,1,89
