112300,1,1,1,1,1,1,1,1,1,0,1,1,1,0,0,1,0,1,1,1,1,1,0,0,0,1,1,1,1,1,0,0,1,1,0,1,0,1,0,1,1,1,1,1,0,1,0,1,0,1,1,1,1,0,0,1,1,0,0,1,0,1,0,0,1,0,1,0,1,0,0,1,0,1,0,1,1,0,0,0,0,1,0,1,1,1,1,1,0,0,1,1,0,0,0,1,0,1,0,1,60
112315,1,1,1,1,1,1,1,1,1,0,1,1,1,0,0,0,0,1,0,0,1,1,1,0,0,1,1,1,0,1,0,0,0,1,0,1,0,1,1,1,1,0,1,1,1,1,1,1,0,1,1,0,0,1,0,1,1,0,1,1,0,1,0,0,1,0,1,0,1,0,0,1,0,1,0,1,1,1,0,0,0,1,0,1,1,1,1,1,0,0,0,1,1,0,0,0,0,0,0,1,57
112316,1,1,1,1,1,1,1,1,1,0,1,1,1,0,1,0,0,1,0,0,1,1,0,0,1,1,1,1,0,1,1,0,0,1,0,1,0,1,1,1,1,0,1,1,0,1,0,1,0,1,1,0,0,0,0,1,1,0,1,1,0,1,0,0,0,0,1,0,1,0,0,1,0,1,0,1,1,0,0,0,0,0,0,1,1,1,1,1,0,0,0,1,1,0,0,0,0,0,0,1,53
112318,1,1,1,1,1,0,1,1,1,0,1,1,1,0,0,0,0,1,1,0,1,1,0,1,0,1,1,1,1,1,1,1,0,0,0,1,0,1,0,1,1,0,1,1,1,1,1,1,0,0,1,0,0,0,0,1,1,0,1,1,0,1,0,0,0,0,1,0,1,1,0,0,1,1,0,1,1,1,0,0,1,1,1,1,1,0,1,1,0,0,1,1,1,0,0,0,0,0,0,1,58
112320,1,1,1,1,1,1,1,1,1,0,0,1,1,0,0,0,1,1,0,0,1,1,0,0,0,1,1,1,1,1,0,0,0,1,0,1,1,0,1,1,1,0,1,1,0,1,0,1,0,1,1,1,0,0,0,1,1,0,1,1,0,1,0,1,0,0,1,0,1,0,0,0,0,1,0,1,1,1,0,0,0,1,1,1,1,1,1,1,0,0,0,1,0,0,0,0,0,0,0,1,54
112322,1,1,1,1,1,1,1,1,1,0,1,1,1,0,0,0,0,1,0,0,1,1,0,0,0,1,1,1,1,1,1,0,0,1,0,1,1,0,1,1,1,0,1,1,1,1,0,1,0,1,1,1,0,0,0,1,1,0,1,1,0,1,0,0,0,0,1,0,0,0,0,0,1,1,0,1,1,1,0,0,0,0,0,1,1,1,1,1,0,0,0,1,1,0,0,0,0,0,0,1,54
112400,1,1,1,1,1,1,1,1,1,0,1,1,1,0,0,0,0,1,0,0,1,1,0,0,0,1,1,1,1,1,1,0,0,1,0,1,0,1,0,1,1,0,1,1,1,1,0,1,0,1,1,0,0,0,0,1,1,0,1,1,0,1,0,1,0,0,1,1,1,0,0,1,1,1,1,1,1,1,0,0,0,0,1,1,1,1,1,1,0,0,0,1,1,0,0,0,0,0,0,1,58
112402,1,1,1,1,1,1,1,1,1,1,1,0,1,0,0,0,0,1,0,0,1,1,0,0,1,1,1,1,0,1,0,0,0,0,0,1,0,1,0,1,1,0,1,1,0,1,0,1,0,1,1,0,0,0,0,1,1,0,1,1,0,1,0,0,1,0,1,0,1,0,0,1,0,1,0,1,1,1,0,0,0,0,0,1,1,1,1,1,0,0,0,1,1,0,0,0,0,0,0,1,51
112410,1,1,1,1,1,1,1,1,1,0,1,1,1,0,0,0,0,1,0,0,1,1,1,0,0,1,1,1,1,1,0,0,0,1,0,1,0,1,1,1,1,0,1,1,1,1,0,1,1,1,1,0,0,0,0,1,1,0,1,1,0,1,0,0,1,0,1,0,1,0,0,1,1,1,0,1,1,1,0,0,0,0,0,1,1,1,1,1,0,0,1,1,1,0,0,0,0,0,0,1,58
112412,1,1,1,1,1,1,1,1,1,0,1,1,1,0,0,0,0,1,1,0,1,1,0,0,0,1,1,1,1,1,0,0,0,1,0,1,0,0,0,1,1,1,1,1,0,1,0,1,0,1,1,0,0,1,0,1,1,0,1,1,0,1,0,0,1,0,1,0,1,0,0,0,1,1,0,1,1,1,0,0,0,0,0,1,1,1,1,1,0,0,0,1,1,0,0,0,0,0,0,1,54
112414,1,1,1,1,1,1,1,1,1,0,1,1,1,0,0,1,1,1,0,0,1,1,0,1,0,1,1,1,1,1,0,0,1,1,0,1,0,1,1,1,0,0,1,1,0,1,0,1,0,1,1,1,0,0,0,0,1,0,1,1,0,1,0,0,1,0,1,1,0,1,0,1,1,1,0,1,1,0,0,0,0,0,0,1,1,1,1,1,0,0,0,1,0,0,0,0,0,0,0,1,56
112416,1,1,1,1,1,1,1,1,1,1,1,1,1,0,1,0,0,1,0,0,1,1,0,0,0,1,1,1,1,1,1,0,0,1,0,1,0,1,0,1,1,0,0,1,1,1,0,1,0,1,1,1,0,0,0,1,1,0,1,1,0,1,0,0,0,0,1,1,0,1,0,1,0,1,1,1,1,0,0,0,0,0,0,1,1,0,1,1,0,0,1,1,1,0,0,0,1,0,0,1,57
112418,1,1,1,1,1,1,1,1,1,0,1,0,1,0,0,0,0,1,0,0,1,1,1,0,0,1,1,1,0,1,1,1,0,1,0,1,0,0,0,1,1,0,0,1,0,1,0,1,0,1,1,1,0,0,0,1,1,0,1,1,0,1,0,0,0,0,1,1,1,0,0,1,0,1,0,1,1,1,0,0,0,0,0,1,1,1,1,1,0,0,0,1,1,0,0,1,1,0,0,1,54
112420,1,1,1,1,1,1,1,1,1,0,1,0,1,0,0,1,0,1,0,0,1,1,0,0,0,1,1,1,1,1,1,0,0,1,0,1,0,0,1,1,1,0,0,1,0,1,1,1,0,1,1,0,0,0,0,1,1,0,1,1,0,1,0,1,1,0,1,1,1,0,0,1,0,1,1,1,1,1,0,0,0,0,0,1,1,0,1,1,0,1,0,1,1,0,0,1,0,0,0,1,57
112422,1,1,1,1,1,1,1,1,1,0,0,1,1,0,0,1,0,1,0,0,1,1,1,1,0,1,1,1,0,1,0,0,0,1,0,1,0,0,0,1,1,0,1,1,0,1,0,1,1,1,1,0,0,0,1,1,1,0,1,1,0,1,0,0,1,0,1,1,1,0,1,1,1,1,0,1,1,0,0,0,0,0,0,1,1,1,1,1,1,0,0,1,1,0,0,0,0,0,0,1,57
112500,1,1,1,1,1,1,1,1,1,1,1,1,1,0,0,0,0,1,0,0,1,1,0,0,0,1,1,1,1,1,0,0,0,1,0,1,0,1,0,1,0,0,1,1,0,1,0,1,0,1,1,0,0,0,0,1,1,0,1,1,0,1,0,0,0,0,1,0,0,0,1,1,1,1,0,1,1,1,0,0,0,0,0,1,1,1,1,1,0,0,0,1,1,0,0,0,0,0,0,1,52
112510,1,1,1,1,1,1,1,1,1,0,1,1,1,0,0,0,0,1,0,0,1,1,0,0,0,1,1,1,1,1,1,0,0,1,1,1,0,0,1,1,1,0,0,1,0,1,1,1,0,1,1,0,0,0,0,1,1,0,1,1,0,1,0,0,1,0,1,0,1,1,0,0,1,1,0,1,1,1,0,0,0,0,0,1,1,0,1,1,0,0,0,1,0,0,0,0,0,0,0,1,53
112512,1,1,1,1,1,1,1,1,1,0,1,1,1,0,0,0,0,1,1,0,1,1,0,1,0,1,1,1,0,1,1,0,0,0,0,1,0,1,1,1,1,0,1,1,1,1,0,0,0,1,1,1,0,0,0,1,1,0,1,1,0,1,0,0,1,0,1,1,1,0,0,1,1,1,1,1,1,0,0,0,0,0,0,1,1,1,1,1,0,0,0,1,0,0,0,0,0,0,0,1,56
112514,1,1,1,1,1,1,1,1,1,0,1,1,1,0,0,1,0,1,0,0,1,1,0,0,0,1,1,1,1,1,0,0,0,1,0,1,0,1,1,1,1,1,1,1,0,1,1,1,1,1,1,0,0,0,0,1,1,0,1,1,0,1,0,0,0,0,1,0,1,1,0,1,1,1,0,1,1,1,0,0,0,0,1,1,1,1,1,1,0,0,0,1,0,0,0,0,0,0,0,1,58
112516,1,1,1,1,1,0,0,0,1,0,1,1,0,0,0,0,0,1,0,0,1,0,0,0,0,1,1,1,1,1,0,0,0,0,0,0,0,0,1,1,0,0,0,1,0,1,0,0,0,1,1,0,0,0,0,1,1,0,0,1,0,1,0,0,0,0,1,0,1,0,0,0,0,0,0,1,1,0,0,0,0,0,1,1,1,0,0,0,0,0,0,0,1,0,0,0,0,0,0,1,34
