112300,1,1,1,0,0,0,1,0,0,0,0,1,0,0,0,1,0,1,0,0,1,1,1,0,1,1,1,1,0,1,1,1,0,1,0,1,0,1,1,1,1,1,1,1,1,1,0,1,0,1,1,1,0,1,0,0,1,0,1,0,1,1,0,0,1,0,1,1,0,0,1,0,0,1,0,1,1,1,0,1,0,1,0,1,1,1,1,1,1,1,0,1,1,0,0,0,1,1,0,0,58
112315,1,1,1,0,1,0,0,1,1,0,0,1,0,1,0,0,0,1,0,0,1,1,0,1,0,1,1,1,0,0,1,1,0,1,0,1,1,1,0,1,1,1,1,1,1,1,0,1,1,1,1,1,0,1,1,1,1,1,1,1,1,1,0,0,0,0,1,1,0,0,1,1,1,1,0,1,1,1,0,1,0,0,1,1,1,1,1,1,1,1,1,1,0,1,0,1,1,1,0,0,66
112316,1,1,1,0,1,0,0,1,0,0,0,1,1,1,0,1,0,1,0,0,1,1,1,0,0,1,1,1,0,0,1,1,1,1,0,1,0,0,0,1,1,0,1,1,0,1,1,1,1,1,1,1,0,1,0,1,1,1,1,1,1,1,0,1,1,0,1,1,1,0,1,1,1,1,1,1,1,1,0,1,0,0,1,1,1,1,1,1,1,1,0,1,1,0,0,1,1,1,0,0,67
112318,1,1,1,0,1,0,0,1,0,0,1,1,0,1,0,1,0,1,0,0,1,1,1,0,0,1,0,1,0,1,1,1,0,1,0,1,0,0,1,1,1,1,1,1,0,1,0,1,1,1,1,1,0,1,0,1,1,0,1,0,1,1,0,0,1,0,1,1,1,0,1,1,0,1,1,1,1,1,0,1,0,1,1,1,1,1,1,1,1,1,0,1,1,0,0,1,1,1,0,0,64
112320,1,1,1,0,1,0,0,1,1,0,0,1,0,0,0,0,0,1,1,0,1,1,0,0,0,1,0,1,1,1,1,1,0,0,0,1,0,1,0,1,1,0,1,1,0,1,0,1,1,1,1,0,0,0,0,1,1,1,1,0,1,1,0,0,1,0,1,0,1,0,0,0,0,0,1,1,1,1,0,1,0,1,1,1,1,0,1,1,1,1,1,1,1,0,0,1,1,0,0,0,55
112322,1,1,1,0,1,1,1,0,1,0,0,1,0,1,0,0,0,1,0,0,1,1,1,0,0,0,1,0,0,1,1,1,0,1,0,1,1,0,0,1,1,0,1,1,1,1,0,1,1,1,1,1,0,1,0,1,1,1,1,1,1,1,0,0,1,0,1,1,1,0,1,1,0,1,0,1,1,1,0,1,0,1,0,1,1,1,1,0,1,0,1,1,1,0,0,1,1,1,0,0,62
112400,1,1,1,0,1,0,0,0,0,0,1,1,0,1,0,0,0,1,1,0,1,1,1,0,0,1,1,1,1,1,1,1,0,1,0,1,0,0,1,1,1,0,1,1,0,1,0,1,1,1,1,1,0,1,0,1,1,1,1,0,1,1,0,0,1,0,1,1,1,0,1,1,0,1,0,1,1,1,1,1,0,1,0,1,1,1,1,1,1,1,1,1,1,0,0,1,1,1,0,0,65
112402,1,1,1,1,0,0,0,1,0,0,1,1,0,1,0,1,0,1,0,0,1,1,0,0,0,1,1,1,1,1,0,0,0,1,0,1,0,0,0,1,0,0,1,0,0,1,0,0,1,1,1,1,0,1,0,1,1,1,1,1,1,1,0,0,1,0,1,1,1,0,1,0,0,1,0,0,1,1,0,1,0,1,1,1,1,1,1,0,1,1,0,1,1,0,0,1,1,1,0,0,56
112410,1,1,1,0,1,0,1,0,0,0,1,1,0,0,0,0,0,1,1,0,1,1,0,0,0,1,1,1,1,1,1,0,0,0,0,1,0,0,0,1,1,0,1,1,0,1,0,0,1,1,1,1,0,1,0,1,1,1,1,0,1,1,0,0,1,0,1,1,0,0,1,1,0,1,0,1,1,1,1,1,0,1,1,1,1,1,1,1,1,1,1,1,1,0,0,1,1,1,0,0,60
112412,1,1,1,0,1,1,0,1,0,0,1,1,0,1,0,0,0,1,1,0,1,1,0,0,1,1,0,1,1,1,0,0,0,1,0,1,0,0,0,1,1,0,1,1,1,1,0,1,0,1,1,1,0,1,0,1,1,1,1,1,1,1,0,0,1,0,1,1,1,0,1,0,0,1,0,0,1,1,0,1,0,0,1,1,1,1,1,1,1,1,0,1,1,0,0,1,1,1,0,0,60
112414,1,1,1,0,1,0,1,1,0,0,1,1,1,0,0,0,0,1,1,1,1,1,0,0,0,1,1,1,1,1,0,0,1,0,0,0,0,0,1,1,0,0,1,1,0,1,0,0,1,1,1,1,0,1,0,1,1,1,1,1,0,1,0,0,1,0,1,1,1,0,1,0,1,1,1,1,1,1,0,1,0,0,0,1,1,1,1,1,1,1,0,1,1,0,0,1,0,1,0,0,59
112416,1,1,1,0,0,0,1,1,0,0,1,1,0,0,0,0,0,1,0,0,1,1,0,0,0,1,1,1,0,1,0,1,0,1,0,1,0,0,0,1,1,0,1,1,0,1,1,0,1,1,1,1,0,0,0,1,1,1,1,1,0,1,0,0,1,0,1,1,1,0,1,0,0,1,0,1,1,1,0,1,0,1,0,1,1,1,1,0,1,1,0,1,1,0,0,1,1,1,0,0,55
112418,1,1,1,0,1,0,1,1,0,0,1,1,1,0,0,0,0,1,0,0,1,1,0,0,0,1,1,1,1,1,1,1,1,0,0,1,0,1,1,1,1,1,1,1,0,1,0,1,1,1,1,1,0,1,0,0,1,1,1,1,0,1,0,0,1,0,1,1,1,0,1,1,0,1,1,1,1,1,1,1,0,0,1,1,1,1,1,1,1,1,1,1,1,0,0,0,1,1,0,0,66
112420,1,1,1,0,1,0,1,1,0,0,1,1,0,1,0,0,0,1,0,0,1,1,0,0,0,1,1,1,1,1,1,1,0,1,0,1,0,0,0,1,1,1,1,1,0,1,0,0,1,1,1,1,0,1,0,1,1,1,1,1,0,1,0,0,1,0,1,1,1,0,1,1,1,1,1,1,1,1,0,1,0,1,0,1,1,1,1,1,1,1,0,1,1,0,0,0,1,1,0,0,63
112422,1,1,1,0,0,0,1,1,0,0,0,1,0,0,0,0,0,1,0,0,1,1,0,0,0,1,1,1,1,1,1,1,1,0,0,1,0,0,1,1,1,0,1,1,1,1,0,1,0,1,1,1,0,1,0,1,0,1,1,1,0,1,0,0,1,0,1,1,1,0,1,0,1,1,0,1,1,1,0,1,0,0,0,1,1,1,1,1,1,1,1,1,1,0,0,1,1,1,0,0,59
112500,1,1,1,0,1,0,0,1,0,0,1,1,0,0,0,0,0,1,0,0,1,1,0,0,0,1,1,1,1,1,0,1,0,1,0,0,0,1,0,1,1,0,1,1,1,1,0,1,1,1,1,1,0,1,0,1,1,0,1,1,0,1,0,0,1,0,1,1,1,0,1,0,0,1,0,1,1,1,1,1,0,1,0,1,1,1,1,1,1,1,0,1,1,0,0,1,1,1,0,0,59
112510,1,1,1,0,0,1,1,0,0,0,1,1,0,1,0,1,0,1,0,0,1,1,0,0,0,1,1,1,0,1,1,0,0,0,0,1,0,0,1,1,1,0,1,1,1,1,0,1,1,1,1,1,0,1,0,1,1,0,1,1,0,1,0,0,1,0,1,1,1,0,1,0,0,1,0,1,1,1,1,1,0,1,1,1,1,1,1,1,1,1,1,1,1,0,0,1,1,1,0,0,62
112512,1,1,1,0,0,1,0,1,0,0,1,1,0,1,0,0,0,1,0,0,1,1,0,0,0,1,1,1,0,1,0,0,0,1,0,1,0,1,1,1,1,1,1,1,1,1,0,0,1,1,1,1,0,1,0,1,1,1,1,1,0,1,0,0,1,0,1,1,1,0,1,0,1,1,1,1,1,1,1,1,0,1,0,1,0,1,1,1,1,0,1,1,1,0,0,1,0,1,0,0,61
112514,1,1,1,0,1,1,1,1,0,0,1,1,0,1,0,0,0,1,0,0,1,1,0,0,0,1,1,1,0,1,1,1,0,1,0,1,0,0,0,1,1,1,1,1,1,1,0,1,1,1,1,1,0,1,0,1,1,1,0,1,0,1,0,0,1,0,1,1,1,0,1,0,1,1,0,1,1,1,0,1,0,1,0,1,1,1,1,1,1,1,1,1,1,0,0,1,0,1,0,0,63
112516,1,1,1,0,1,1,1,0,1,0,1,1,0,1,0,1,0,1,1,1,1,1,0,1,1,1,1,1,1,1,0,0,1,1,0,1,0,0,0,1,1,0,1,1,0,1,0,0,1,1,1,1,0,1,1,1,0,1,1,0,1,1,0,0,0,0,1,1,1,0,1,0,1,1,0,1,1,1,0,1,1,0,1,1,1,0,1,1,1,0,1,1,1,0,0,1,0,1,0,0,64
